energy             :real:0:
 -8.6997613933765798E+00
energies           :real:1:6
 -2.2133199885451016E+00 -2.1120397707761254E+00 -2.9731753230240243E+00
 -4.6708094052383209E-01 -4.6707268525374690E-01 -4.6707268525374807E-01
gradient           :real:2:3,6
 -4.3275530901136067E-07  1.8214430075902754E-16 -1.2520071619599633E-02
  3.4290149738017562E-06  1.4444738324532122E-16 -1.6041917700780582E-02
  1.4538689369603009E-07 -1.2082575698167160E-16  3.3386726663354488E-02
  3.1722972430635152E-03 -7.1953626822322091E-17 -1.6219976451468953E-03
 -1.5877194448109873E-03  2.7599137090151397E-03 -1.6013698489135801E-03
 -1.5877194448110281E-03 -2.7599137090153049E-03 -1.6013698489135688E-03
virial             :real:2:3,3
  9.5989697947057532E-03  1.2516713324509488E-17 -8.2869063979273944E-07
  1.2516713324509488E-17  9.5922537467130736E-03 -5.3441994247072033E-17
 -8.2869063979251550E-07 -5.3441994247072033E-17  1.3228377793038198E-01
